       N       E                     dE             d eps       ncg     rms          rms(c)
DAV:   1    -0.439635937844E+01   -0.43964E+01   -0.69546E-02  3088   0.300E+00    0.403E-01
DAV:   2    -0.439158114064E+01    0.47782E-02   -0.13959E-02  2876   0.125E+00    0.745E-02
DAV:   3    -0.439141831321E+01    0.16283E-03   -0.78558E-04  2988   0.272E-01    0.397E-03
DAV:   4    -0.439142073854E+01   -0.24253E-05   -0.55014E-06  1404   0.211E-02
   1 F= -.43914207E+01 E0= -.43917143E+01  d E =0.880571E-03
